#gemessene Counts vom kanal 157 von:
#index hülle    holz    allu    misch
1       4582    3865    158     1236
2       4510    3819    129     1325
3       4460    3815    244     1205
4       0       0       0       949    
5       0       0       0       769
6       0       0       0       1049
7       0       0       0       3625
8       0       0       0       168
9       0       0       0       3596
10      0       0       0       991
11      0       0       0       776
12      0       0       0       916