# DELTA delay [\nano\second]    Impulse/10sekunden
-50    0
-40    0
-30    0
-25    0
-20    0
-19    0
-18    0
-17    0
-16    0
-15    0
-14    0
-13.5  0
-13    0
-12    1
-11    1
-10    7
-9.5   12
-9     10
-8.5   16
-8     33
-7.5   38
-7     37
-6.5   48
-6     58
-5.5   63
-5     79
-4.5   72
-4     89
-3.5   79
-3     93
-2.5   96
-2     93
-1.5   102
-1     96
-0.5   134
0      113
0.5    107
1      117
1.5    125
2      95
2.5    112
3      111
3.5    101
4      91
4.5    75
5      68
5.5    62
6      75
6.5    46
7      33
7.5    29
8      30
8.5    22
9      10
9.5    6
10     7
11     3
12     1
13     0
14     0
15     0
16     0
17     0
18     0
19     0
20     0
25     0
30     0
40     0
50     0
