# DELTA delay [\nano\second]    Impulse/10sekunden
-20          9   
-19          11   
-18          33   
-17          28   
-16          48   
-15          55   
-14.5        45   
-14          65   
-13.5        86   
-13          88   
-12.5        98   
-12          123   
-11.5        115   
-11          126   
-10.5        139   
-10          131   
-9.5         138   
-9           189   
-8.5         173   
-8           149   
-7.5         182   
-7           194   
-6.5         201   
-6           207   
-5.5         218   
-5           254   
