304         3   
304         4   
239         5   
251         6   
258         7   
232         8   
285         9   
243         10  
271         11  
257         12  
232         13  
250         14  
218         15  
253         16  
214         17  
227         18  
234         19  
211         20  
233         21  
227         22  
204         23  
240         24  
228         25  
239         26  
243         27  
267         28  
239         29  
229         30  
219         31  
208         32  
179         33  
186         34  
192         35  
196         36  
170         37  
201         38  
214         39  
176         40  
194         41  
199         42  
166         43  
174         44  
168         45  
183         46  
170         47  
182         48  
160         49  
172         50  
154         51  
171         52  
163         53  
167         54  
138         55  
155         56  
152         57  
148         58  
156         59  
145         60  
145         61  
129         62  
142         63  
146         64  
170         65  
145         66  
105         67  
127         68  
122         69  
142         70  
117         71  
139         72  
134         73  
122         74  
136         75  
120         76  
112         77  
116         78  
127         79  
125         80  
123         81  
140         82  
93      83  
114         84  
111         85  
112         86  
124         87  
118         88  
132         89  
105         90  
109         91  
111         92  
108         93  
95      94  
90      95  
93      96  
84      97  
100         98  
104         99  
94      100 
100         101 
96      102 
98      103 
90      104 
87      105 
106         106 
96      107 
87      108 
80      109 
96      110 
89      111 
100         112 
104         113 
82      114 
84      115 
92      116 
71      117 
77      118 
77      119 
90      120 
83      121 
83      122 
85      123 
85      124 
65      125 
73      126 
63      127 
62      128 
72      129 
65      130 
65      131 
59      132 
84      133 
72      134 
66      135 
74      136 
69      137 
66      138 
59      139 
71      140 
68      141 
53      142 
72      143 
62      144 
55      145 
62      146 
71      147 
62      148 
61      149 
52      150 
60      151 
63      152 
64      153 
50      154 
48      155 
53      156 
62      157 
56      158 
63      159 
58      160 
55      161 
54      162 
49      163 
53      164 
55      165 
46      166 
46      167 
58      168 
53      169 
51      170 
56      171 
48      172 
42      173 
46      174 
42      175 
34      176 
52      177 
46      178 
46      179 
50      180 
50      181 
41      182 
45      183 
39      184 
36      185 
41      186 
50      187 
41      188 
46      189 
37      190 
36      191 
24      192 
38      193 
50      194 
21      195 
34      196 
38      197 
42      198 
29      199 
33      200 
35      201 
29      202 
32      203 
28      204 
34      205 
31      206 
52      207 
30      208 
41      209 
34      210 
38      211 
32      212 
16      213 
34      214 
29      215 
39      216 
29      217 
42      218 
32      219 
37      220 
27      221 
33      222 
38      223 
26      224 
21      225 
31      226 
25      227 
33      228 
28      229 
31      230 
27      231 
24      232 
30      233 
22      234 
23      235 
33      236 
29      237 
33      238 
18      239 
17      240 
26      241 
29      242 
25      243 
18      244 
15      245 
24      246 
23      247 
29      248 
17      249 
26      250 
23      251 
17      252 
20      253 
18      254 
22      255 
19      256 
10      257 
23      258 
21      259 
20      260 
20      261 
30      262 
17      263 
17      264 
15      265 
14      266 
19      267 
16      268 
24      269 
33      270 
22      271 
16      272 
20      273 
12      274 
22      275 
24      276 
17      277 
18      278 
9       279 
15      280 
14      281 
19      282 
13      283 
14      284 
20      285 
11      286 
19      287 
19      288 
16      289 
14      290 
18      291 
21      292 
14      293 
8       294 
16      295 
18      296 
11      297 
10      298 
16      299 
20      300 
14      301 
15      302 
23      303 
9       304 
14      305 
13      306 
12      307 
17      308 
13      309 
11      310 
16      311 
9       312 
14      313 
10      314 
14      315 
12      316 
7       317 
16      318 
11      319 
9       320 
12      321 
11      322 
11      323 
12      324 
16      325 
5       326 
7       327 
14      328 
9       329 
7       330 
11      331 
11      332 
11      333 
12      334 
11      335 
18      336 
11      337 
9       338 
12      339 
12      340 
17      341 
12      342 
10      343 
11      344 
8       345 
15      346 
13      347 
10      348 
13      349 
11      350 
7       351 
6       352 
8       353 
12      354 
9       355 
13      356 
15      357 
9       358 
10      359 
7       360 
6       361 
7       362 
8       363 
15      364 
10      365 
10      366 
13      367 
5       368 
5       369 
5       370 
9       371 
7       372 
7       373 
11      374 
9       375 
6       376 
5       377 
8       378 
8       379 
11      380 
6       381 
9       382 
6       383 
6       384 
6       385 
6       386 
9       387 
13      388 
11      389 
13      390 
9       391 
6       392 
7       393 
8       394 
2       395 
6       396 
9       397 
5       398 
7       399 
6       400 
3       401 
9       402 
2       403 
5       404 
9       405 
3       406 
2       407 
9       408 
6       409 
6       410 
7       411 
3       412 
5       413 
4       415 
9       416 
9       417 
6       418 
8       419 
5       420 
9       421 
4       422 
4       423 
7       424 
8       425 
8       426 
9       427 
4       428 
4       429 
5       430 
4       431 
7       432 
3       433 
6       434 
9       435 
2       436 
3       437 
3       438 
4       439 
7       440 
8       441 
7       442 
5       443 
7       444 
2       445 
8       446 
5       447 
6       448 
6       449 
4       450 
5       451 
6       452 
2       453 
4       454 
2       455 
7       456 
6       457 
3       458 
3       459 
4       460 
4       461 
3       462 
3       463 
