$MEAS_TIM:
272190 272224
$DATA:
0 511

       0
       0
       0
     304
     304
     239
     251
     258
     232
     285
     243
     271
     257
     232
     250
     218
     253
     214
     227
     234
     211
     233
     227
     204
     240
     228
     239
     243
     267
     239
     229
     219
     208
     179
     186
     192
     196
     170
     201
     214
     176
     194
     199
     166
     174
     168
     183
     170
     182
     160
     172
     154
     171
     163
     167
     138
     155
     152
     148
     156
     145
     145
     129
     142
     146
     170
     145
     105
     127
     122
     142
     117
     139
     134
     122
     136
     120
     112
     116
     127
     125
     123
     140
      93
     114
     111
     112
     124
     118
     132
     105
     109
     111
     108
      95
      90
      93
      84
     100
     104
      94
     100
      96
      98
      90
      87
     106
      96
      87
      80
      96
      89
     100
     104
      82
      84
      92
      71
      77
      77
      90
      83
      83
      85
      85
      65
      73
      63
      62
      72
      65
      65
      59
      84
      72
      66
      74
      69
      66
      59
      71
      68
      53
      72
      62
      55
      62
      71
      62
      61
      52
      60
      63
      64
      50
      48
      53
      62
      56
      63
      58
      55
      54
      49
      53
      55
      46
      46
      58
      53
      51
      56
      48
      42
      46
      42
      34
      52
      46
      46
      50
      50
      41
      45
      39
      36
      41
      50
      41
      46
      37
      36
      24
      38
      50
      21
      34
      38
      42
      29
      33
      35
      29
      32
      28
      34
      31
      52
      30
      41
      34
      38
      32
      16
      34
      29
      39
      29
      42
      32
      37
      27
      33
      38
      26
      21
      31
      25
      33
      28
      31
      27
      24
      30
      22
      23
      33
      29
      33
      18
      17
      26
      29
      25
      18
      15
      24
      23
      29
      17
      26
      23
      17
      20
      18
      22
      19
      10
      23
      21
      20
      20
      30
      17
      17
      15
      14
      19
      16
      24
      33
      22
      16
      20
      12
      22
      24
      17
      18
       9
      15
      14
      19
      13
      14
      20
      11
      19
      19
      16
      14
      18
      21
      14
       8
      16
      18
      11
      10
      16
      20
      14
      15
      23
       9
      14
      13
      12
      17
      13
      11
      16
       9
      14
      10
      14
      12
       7
      16
      11
       9
      12
      11
      11
      12
      16
       5
       7
      14
       9
       7
      11
      11
      11
      12
      11
      18
      11
       9
      12
      12
      17
      12
      10
      11
       8
      15
      13
      10
      13
      11
       7
       6
       8
      12
       9
      13
      15
       9
      10
       7
       6
       7
       8
      15
      10
      10
      13
       5
       5
       5
       9
       7
       7
      11
       9
       6
       5
       8
       8
      11
       6
       9
       6
       6
       6
       6
       9
      13
      11
      13
       9
       6
       7
       8
       2
       6
       9
       5
       7
       6
       3
       9
       2
       5
       9
       3
       2
       9
       6
       6
       7
       3
       5
      10
       4
       9
       9
       6
       8
      15
       9
       4
       4
       7
       8
       8
       9
       4
       4
       5
       4
       7
       3
       6
       9
       2
       3
       3
       4
       7
       8
       7
       5
       7
       2
       8
       5
       6
       6
       4
       5
       6
      12
       4
       2
       7
       6
       3
       3
       4
       4
       3
       3
       0
       0
       0
       0
       0
       0
       0
       0
       0
       0
       0
       0
       0
       0
       0
       0
       0
       0
       0
       0
       0
       0
       0
       0
       0
       0
       0
       0
       0
       0
       0
       0
       0
       0
       0
       0
       0
       0
       0
       0
       0
       0
       0
       0
       0
       0
       0
       0
1            
2        
3        
4        
5        
6        
7     
8     
9     
10    
11    
12    
13    
14    
15    
16    
17    
18    
19    
20    
21    
22    
23    
24    
25    
26    
27    
28    
29    
30    
31    
32    
33    
34    
35    
36    
37    
38    
39    
40    
41    
42    
43    
44    
45    
46    
47    
48    
49    
50    
51    
52    
53    
54    
55    
56    
57    
58    
59    
60    
61    
62    
63    
64    
65    
66    
67    
68    
69    
70    
71    
72    
73    
74    
75    
76    
77    
78    
79    
80    
81    
82    
83    
84    
85    
86    
87    
88    
89    
90    
91    
92    
93    
94    
95    
96    
97    
98    
99    
100     
101     
102     
103     
104     
105     
106     
107     
108     
109     
110     
111     
112     
113     
114     
115     
116     
117     
118     
119     
120     
121     
122     
123     
124     
125     
126     
127     
128     
129     
130     
131     
132     
133     
134     
135     
136     
137     
138     
139     
140     
141     
142     
143     
144     
145     
146     
147     
148     
149     
150     
151     
152     
153     
154     
155     
156     
157     
158     
159     
160     
161     
162     
163     
164     
165     
166     
167     
168     
169     
170     
171     
172     
173     
174     
175     
176     
177     
178     
179     
180     
181     
182     
183     
184     
185     
186     
187     
188     
189     
190     
191     
192     
193     
194     
195     
196     
197     
198     
199     
200     
201     
202     
203     
204     
205     
206     
207     
208     
209     
210     
211     
212     
213     
214     
215     
216     
217     
218     
219     
220     
221     
222     
223     
224     
225     
226     
227     
228     
229     
230     
231     
232     
233     
234     
235     
236     
237     
238     
239     
240     
241     
242     
243     
244     
245     
246     
247     
248     
249     
250     
251     
252     
253     
254     
255     
256     
257     
258     
259     
260     
261     
262     
263     
264     
265     
266     
267     
268     
269     
270     
271     
272     
273     
274     
275     
276     
277     
278     
279     
280     
281     
282     
283     
284     
285     
286     
287     
288     
289     
290     
291     
292     
293     
294     
295     
296     
297     
298     
299     
300     
301     
302     
303     
304     
305     
306     
307     
308     
309     
310     
311     
312     
313     
314     
315     
316     
317     
318     
319     
320     
321     
322     
323     
324     
325     
326     
327     
328     
329     
330     
331     
332     
333     
334     
335     
336     
337     
338     
339     
340     
341     
342     
343     
344     
345     
346     
347     
348     
349     
350     
351     
352     
353     
354     
355     
356     
357     
358     
359     
360     
361     
362     
363     
364     
365     
366     
367     
368     
369     
370     
371     
372     
373     
374     
375     
376     
377     
378     
379     
380     
381     
382     
383     
384     
385     
386     
387     
388     
389     
390     
391     
392     
393     
394     
395     
396     
397     
398     
399     
400     
401     
402     
403     
404     
405     
406     
407     
408     
409     
410     
411     
412     
413     
414     
415     
416     
417     
418     
419     
420     
421     
422     
423     
424     
425     
426     
427     
428     
429     
430     
431     
432     
433     
434     
435     
436     
437     
438     
439     
440     
441     
442     
443     
444     
445     
446     
447     
448     
449     
450     
451     
452     
453     
454     
455     
456     
457     
458     
459     
460     
461     
462     
463     
464     
465     
466     
467     
468     
469     
470     
471     
472     
473     
474     
475     
476     
477     
478     
479     
480     
481     
482     
483     
484     
485     
486     
487     
488     
489     
490     
491     
492     
493     
494     
495     
496     
497     
498     
499     
500     
501     
502     
503     
504     
505     
506     
507     
508     
509     
510     
511     